
0: BOARD=
1, 0, 0, 0, 0, 0, 0, 
1, 0, 0, 0, 
0, 0, 0, 0, 0, 0, 0, 0, 0, 0, 
ACTION=
2
REWARD=
80

1: BOARD=
0, 0, 0, 1, 0, 0, 0, 
1, 0, 0, 0, 
0, 0, 1, 2, 1, 0, 0, 0, 0, 0, 
ACTION=
0
REWARD=
70

2: BOARD=
0, 0, 0, 0, 1, 0, 0, 
1, 0, 0, 0, 
2, 3, 2, 2, 1, 0, 0, 0, 0, 0, 
ACTION=
6
REWARD=
100

3: BOARD=
0, 0, 0, 0, 0, 0, 1, 
1, 0, 0, 0, 
2, 3, 2, 2, 1, 0, 2, 1, 1, 0, 
ACTION=
10
REWARD=
52.5

4: BOARD=
0, 0, 0, 0, 0, 0, 1, 
0, 1, 0, 0, 
2, 3, 2, 2, 1, 0, 2, 1, 1, 0, 
ACTION=
1
REWARD=
70

5: BOARD=
0, 0, 0, 1, 0, 0, 0, 
1, 0, 0, 0, 
2, 5, 5, 2, 1, 0, 2, 1, 1, 0, 
ACTION=
8
REWARD=
90

6: BOARD=
0, 0, 1, 0, 0, 0, 0, 
1, 0, 0, 0, 
2, 5, 5, 2, 1, 0, 2, 1, 3, 3, 
ACTION=
7
REWARD=
90

7: BOARD=
0, 0, 0, 1, 0, 0, 0, 
1, 0, 0, 0, 
2, 5, 5, 2, 1, 0, 2, 5, 4, 4, 
ACTION=
9
REWARD=
90

8: BOARD=
0, 0, 0, 0, 0, 1, 0, 
1, 0, 0, 0, 
2, 5, 5, 2, 1, 0, 2, 6, 6, 5, 
ACTION=
3
REWARD=
80

9: BOARD=
1, 0, 0, 0, 0, 0, 0, 
1, 0, 0, 0, 
2, 5, 5, 4, 3, 3, 2, 6, 6, 5, 
ACTION=
10
REWARD=
67.5

10: BOARD=
1, 0, 0, 0, 0, 0, 0, 
0, 1, 0, 0, 
2, 5, 5, 4, 3, 3, 2, 6, 6, 5, 
ACTION=
4
REWARD=
90

11: BOARD=
0, 0, 1, 0, 0, 0, 0, 
1, 0, 0, 0, 
2, 5, 5, 4, 7, 3, 2, 6, 6, 5, 
ACTION=
9
REWARD=
80

12: BOARD=
1, 0, 0, 0, 0, 0, 0, 
1, 0, 0, 0, 
2, 5, 5, 4, 7, 3, 2, 7, 8, 7, 
ACTION=
6
REWARD=
60

13: BOARD=
1, 0, 0, 0, 0, 0, 0, 
1, 0, 0, 0, 
2, 5, 5, 4, 7, 3, 10, 10, 9, 7, 
ACTION=
0
REWARD=
90

14: BOARD=
0, 0, 1, 0, 0, 0, 0, 
1, 0, 0, 0, 
6, 7, 6, 4, 7, 3, 10, 10, 9, 7, 
ACTION=
2
REWARD=
80

15: BOARD=
0, 0, 0, 1, 0, 0, 0, 
1, 0, 0, 0, 
6, 7, 8, 9, 8, 3, 10, 10, 9, 7, 
ACTION=
1
REWARD=
70

16: BOARD=
0, 0, 0, 0, 1, 0, 0, 
1, 0, 0, 0, 
6, 11, 11, 10, 8, 3, 10, 10, 9, 7, 
ACTION=
4
REWARD=
70

17: BOARD=
0, 0, 0, 0, 0, 1, 0, 
1, 0, 0, 0, 
6, 11, 11, 10, 12, 11, 11, 10, 9, 7, 
ACTION=
7
REWARD=
80

18: BOARD=
0, 0, 0, 0, 0, 0, 1, 
1, 0, 0, 0, 
6, 11, 11, 10, 12, 11, 11, 11, 11, 12, 
ACTION=
6
REWARD=
60

19: BOARD=
0, 0, 0, 0, 0, 1, 0, 
1, 0, 0, 0, 
6, 11, 11, 10, 12, 11, 13, 13, 13, 13, 
ACTION=
6
REWARD=
80

20: BOARD=
0, 0, 1, 0, 0, 0, 0, 
1, 0, 0, 0, 
6, 11, 11, 10, 12, 11, 13, 15, 15, 13, 
ACTION=
1
REWARD=
70

21: BOARD=
0, 1, 0, 0, 0, 0, 0, 
1, 0, 0, 0, 
6, 13, 13, 13, 13, 11, 13, 15, 15, 13, 
ACTION=
0
REWARD=
90

22: BOARD=
1, 0, 0, 0, 0, 0, 0, 
1, 0, 0, 0, 
15, 15, 14, 13, 13, 11, 13, 15, 15, 13, 
ACTION=
0
REWARD=
70

23: BOARD=
0, 0, 1, 0, 0, 0, 0, 
1, 0, 0, 0, 
16, 17, 17, 13, 13, 11, 13, 15, 15, 13, 
ACTION=
9
REWARD=
90

24: BOARD=
0, 0, 1, 0, 0, 0, 0, 
1, 0, 0, 0, 
16, 17, 17, 13, 13, 11, 13, 16, 17, 16, 
ACTION=
9
REWARD=
60
